272
1253207
6129802
956631
5173171
4701441
1180061
5558264
2588363
2969901
641859
969234
1194370
399458
10199
777
927
4847
99873
47236
24234
17574
1259
240
28011
863
11630
94
13908
11882
40145
53880
16101
15777
153743
27859
22835
4546
14009
4996
76197
1175
1930
196
225136
39872
93778
6235
34803
38648
11274
526
63420
2209
2175
2426
55291
1319
352614
10576
18111
533
23108
1978
27583
12092
1771
4500
17468
4182
19897
181182
4
14977
7237
7417
4419898
1635150
1397029
7246
601
23486
25244
127975
2977
50594
1892013
68705
17750
5865
8549
5565
30976
1823308
33736
161201
787
1309054
79360
418
28656
189381
20714
634610
418
15518
258162
6664
30723
52404
101716
5535
68658
1241
93572
258124
2917
9617
1372
1161
3952
36116
8065
9159
3936
5851
4200
2482
31557
4663
18735
78271
9154
26916
740814
293244
9486
7177
10604
9784
38265
4066
19877
143888
5439
44658
103097
164
5689
1315
49
5482
330
4700
83
1993
2932
5200
9764
65397
152441
2923
78
3536
4236
34
11218
1
59504
428
628
10418
33
8851
2075
46398
2079
192032
8679
11288
64457
81708
37
567
38
16938
8320
632381
43310
15
100
104
387
284
30
25
60
11461
158
73
10528
107
450
10711
2872
386
5
3674
54
177
109
39
1360
34
105
172635
359
4808
6312
16252
8961
125891
6082
3969
416436
43418
10725
205962
17763
48229
16144
3
269
769
6639
31377
553
3432
31155
356004
62
35950
56
6
319929
39543
28414
23800
4615
9933
892
269
7920
587
265
519
162
112
53
104
11
55
21
677
56
17
278
2
194
1
106
11
12