1000
	506812
	509256
	255284
	676715
	74026
	23446
	703140
	297796
	994765
	644181
	437330
	773403
	936955
	545938
	33621
	754811
	331831
	695449
	99115
	558765
	106479
	758087
	994765
	368616
	906777
	928727
	249978
	824905
	187002
	396565
	495240
	184133
	512043
	474690
	974108
	436362
	169232
	777756
	212445
	515491
	718921
	214858
	220674
	10410
	426491
	979774
	683935
	590956
	613170
	167031
	955326
	699468
	839020
	119767
	309070
	926922
	488683
	124184
	833267
	892032
	768938
	605391
	546017
	372379
	346887
	550755
	804004
	898523
	858494
	489389
	839305
	15250
	299521
	990226
	307970
	938473
	874284
	306144
	63054
	392025
	222458
	487896
	975153
	995446
	70088
	19155
	515041
	692071
	258210
	782761
	985906
	356102
	790964
	958298
	746779
	898047
	14792
	272411
	504067
	899804
	291295
	875824
	764742
	53820
	558589
	4826
	842576
	455197
	989390
	499953
	387899
	101282
	548888
	201015
	271729
	790128
	631353
	215009
	796720
	977496
	111724
	62371
	630216
	51350
	86832
	746983
	558806
	913556
	300704
	866666
	149132
	720389
	749325
	983437
	666296
	126566
	242467
	606585
	149072
	402008
	763705
	306649
	370209
	346165
	314420
	674711
	520505
	11633
	553595
	68904
	846880
	866992
	952429
	348861
	147571
	178197
	371275
	88857
	981650
	68488
	936109
	81684
	685438
	928764
	842768
	297844
	804950
	593453
	249358
	848424
	351413
	971376
	730753
	915073
	365952
	626771
	863821
	56762
	639922
	142496
	387977
	780586
	78941
	965687
	42913
	772621
	121554
	835473
	623808
	724902
	827550
	823066
	14066
	265880
	736290
	476446
	956593
	104254
	362038
	555019
	106863
	129855
	241105
	364052
	474479
	880312
	774742
	754323
	704704
	478498
	722067
	439396
	777344
	873319
	88880
	401023
	607674
	975185
	331130
	802651
	722503
	67524
	245845
	11637
	654249
	697026
	657724
	42707
	946841
	97825
	26162
	978353
	699518
	88582
	395359
	696279
	388036
	296550
	689249
	539654
	297567
	508907
	213341
	402882
	277509
	929243
	367151
	73729
	685673
	125831
	993800
	572060
	327789
	498396
	497390
	656136
	917988
	161353
	844170
	629302
	86919
	244013
	830104
	73071
	246340
	742103
	545263
	157035
	682571
	219917
	794616
	731678
	95829
	858736
	345119
	497099
	428538
	574717
	260595
	158801
	232864
	188179
	258778
	631124
	16233
	916321
	978969
	29578
	973306
	782646
	284119
	405199
	263878
	888923
	237743
	917290
	528358
	879318
	193940
	415246
	646020
	341347
	517871
	205872
	835875
	334590
	814421
	119515
	76047
	715678
	184355
	856474
	474738
	436802
	950139
	994584
	664334
	535076
	497710
	969519
	509958
	101357
	365783
	801298
	424716
	119662
	480965
	333612
	366158
	702120
	484715
	277022
	151895
	909421
	427343
	402747
	77091
	43035
	714570
	820646
	942484
	22992
	83790
	393207
	508858
	223820
	559999
	986723
	82313
	931261
	795496
	441546
	404469
	403692
	932761
	855164
	272658
	374688
	146581
	15090
	347416
	717004
	319281
	592878
	418068
	903228
	882075
	16330
	991902
	844699
	715858
	773787
	448424
	667797
	146390
	272647
	157402
	995500
	491667
	273597
	897894
	342161
	323384
	352745
	635177
	300727
	589706
	805751
	213447
	304165
	13238
	901214
	804444
	876665
	725857
	414965
	15569
	455208
	931240
	932636
	405818
	58379
	496212
	494733
	783852
	306869
	763688
	776618
	69699
	558867
	552815
	145254
	690105
	213588
	266014
	615178
	447267
	557499
	257983
	938129
	551634
	880311
	138334
	803884
	41726
	971603
	477358
	404289
	127365
	524008
	463552
	418148
	87461
	415129
	421854
	811510
	229456
	317960
	743178
	716090
	74771
	598295
	698641
	47970
	373057
	997735
	816026
	459367
	767814
	172115
	981338
	678211
	936866
	757753
	194935
	283385
	813453
	271721
	959557
	487948
	57160
	817332
	606679
	558290
	288616
	262380
	477969
	84098
	727915
	285157
	770224
	432157
	783867
	442116
	25034
	366467
	829737
	201034
	698476
	997760
	870822
	704847
	981560
	937475
	60179
	883876
	58685
	774364
	51073
	417927
	289248
	766349
	988173
	964796
	376665
	945908
	534265
	18024
	449366
	674160
	705190
	734231
	119979
	47016
	443010
	79218
	11734
	456147
	795799
	681995
	945243
	38218
	292259
	857237
	964146
	707701
	600278
	359177
	644719
	961810
	840813
	563739
	682410
	670442
	991937
	940775
	577333
	619742
	662623
	874528
	351144
	664769
	141809
	117992
	619292
	964938
	35529
	425646
	15502
	925312
	993349
	199070
	919452
	147481
	995099
	301202
	673963
	905686
	419836
	547612
	994585
	407028
	651238
	766882
	72375
	368942
	287084
	737257
	949708
	252906
	115185
	753031
	109357
	830131
	894157
	51633
	858631
	623255
	634599
	841207
	13278
	167397
	514738
	208496
	589881
	964652
	784364
	758125
	700916
	467979
	11778
	436954
	613149
	423612
	810774
	630893
	977985
	425555
	748126
	286693
	571427
	591362
	476756
	507443
	491674
	855316
	265772
	798091
	653992
	493324
	5785
	896068
	595351
	143190
	456347
	912150
	55379
	764676
	972155
	327971
	535606
	695601
	195569
	249139
	55512
	203429
	235255
	196722
	621765
	706209
	664262
	634850
	506154
	142400
	265496
	378551
	288047
	805983
	828622
	3393
	758813
	331511
	459575
	387361
	208520
	413061
	802379
	555405
	319277
	271806
	292702
	68375
	875001
	848778
	63508
	300621
	763927
	192590
	405460
	84330
	298078
	536277
	748148
	363664
	702993
	113110
	972959
	698118
	741374
	848103
	494405
	682004
	825888
	680167
	953923
	605779
	649254
	419193
	558649
	974971
	313806
	723087
	67390
	823751
	178097
	991662
	177011
	112721
	154712
	717429
	594653
	884295
	991295
	107805
	394701
	264086
	145904
	598862
	354129
	842986
	228163
	217693
	835831
	452191
	619284
	618604
	446789
	852184
	806867
	17802
	136369
	396755
	174508
	181835
	619810
	304395
	471577
	87063
	12906
	771981
	955158
	860479
	346119
	799414
	243958
	136737
	189879
	258942
	253114
	21783
	967460
	439177
	189195
	440532
	657915
	21361
	476251
	764070
	498670
	204207
	656671
	261366
	985939
	483711
	764650
	101105
	940793
	415581
	405485
	341167
	659716
	540515
	790453
	586448
	200709
	536299
	274941
	770141
	669472
	575774
	526535
	819229
	964918
	815991
	310188
	801901
	819264
	921418
	19140
	522727
	125151
	532845
	503144
	430855
	480740
	633688
	449642
	137175
	603447
	836664
	558883
	798273
	763954
	716358
	20590
	118197
	674372
	446984
	347620
	743443
	327894
	169704
	451176
	382268
	132015
	710118
	952464
	66299
	303367
	494119
	117313
	590626
	899433
	769066
	473097
	317951
	50916
	527286
	121446
	213019
	928199
	850186
	995517
	185515
	726409
	743821
	827278
	562712
	485701
	920524
	388029
	787642
	876969
	396274
	644555
	244151
	177853
	219725
	833610
	447171
	539883
	126417
	99059
	704688
	304882
	420414
	258833
	757279
	567166
	925706
	472990
	831785
	397835
	420972
	69483
	7583
	148435
	573841
	550867
	787089
	33465
	24599
	853033
	286546
	754723
	934304
	256118
	518790
	275159
	8570
	958144
	826638
	975932
	735819
	213512
	643674
	337560
	337603
	111316
	408635
	974538
	718601
	522589
	640272
	322535
	525235
	480884
	891460
	528237
	274332
	277250
	544503
	124154
	397110
	848485
	183992
	884167
	958742
	616648
	589238
	850327
	760095
	798176
	225225
	897383
	505736
	342556
	479169
	358767
	731124
	83331
	789207
	176210
	221928
	388351
	242404
	754915
	729675
	581504
	181142
	207168
	890538
	674784
	850188
	949514
	387788
	497395
	141077
	682096
	563518
	137684
	46162
	623457
	881536
	724077
	521580
	500143
	870832
	962748
	76550
	197582
	437847
	522650
	555807
	167284
	725797
	312595
	262707
	655067
	20584
	930466
	782363
	566012
	555384
	81204
	607412
	314092
	449789
	558087
	943382
	317866
	434389
	460929
	876317
	898391
	458016
	685137
	422208
	211444
	752380
	357229
	845968
	503398
	437618
	815197
	37093
	418573
	292329
	936265
	659790
	305596
	882942
	99897
	257329
	471276
	849826
	840530
	483456
	112765
	781301
	292373
	158204
	222194
	771797
	857669
	901033
	102756
	456651
	140237
	681193
	261137
	43610
	77635
	743328
	348466
	619864
	378209
	15800
	510393
	803500
	823343
	289817
	976657
	629528
	730592
	169436
	971473
	413207
	889995
	35587