1000
	915987
	345464
	969479
	417316
	697824
	862388
	220249
	710846
	440605
	28589
	8238
	618687
	796412
	224251
	662635
	705607
	232922
	263773
	997967
	570998
	260891
	605813
	524730
	110474
	46907
	257369
	264699
	270175
	60459
	165748
	791207
	312714
	260872
	319041
	424215
	618602
	342301
	608713
	475837
	958132
	723967
	747196
	64061
	986048
	297997
	178855
	290706
	435005
	428648
	974490
	514239
	113668
	334447
	157512
	38898
	351467
	778671
	774188
	788624
	974365
	943817
	290917
	437648
	244675
	472145
	578147
	29118
	452803
	917071
	823674
	329007
	9977
	269154
	207227
	34583
	958326
	795577
	63790
	485055
	788414
	163504
	564890
	706591
	334095
	705367
	655033
	464689
	300807
	728105
	94779
	494006
	675700
	968539
	982426
	229009
	866715
	653543
	53050
	168440
	922542
	136362
	386625
	472353
	596566
	749343
	896251
	512611
	335270
	338597
	112981
	875989
	495206
	927483
	335519
	753643
	222525
	93580
	171070
	741518
	465179
	937675
	857874
	823316
	530320
	973580
	530456
	710996
	448012
	873943
	765406
	777325
	157297
	769989
	328485
	530830
	191764
	722039
	33120
	955566
	109151
	52842
	15878
	66456
	383157
	467222
	536222
	715474
	855522
	269231
	615916
	24852
	132544
	531926
	447648
	820455
	502616
	775122
	522995
	91899
	49993
	562864
	856584
	815445
	644834
	445120
	516317
	441637
	400795
	837081
	908786
	971613
	8711
	754700
	914524
	824431
	78650
	806502
	19468
	632252
	252425
	479445
	47043
	691091
	384820
	550493
	959537
	41887
	534169
	405823
	467911
	59976
	851538
	155981
	865977
	990626
	712668
	698028
	587891
	84102
	597950
	294653
	477125
	855795
	293108
	815418
	650632
	525303
	956862
	516766
	143659
	872871
	481779
	125085
	228664
	592460
	360590
	31108
	416061
	717768
	962697
	604082
	665023
	850838
	724176
	990628
	259332
	732485
	259495
	275852
	136261
	159561
	814277
	553284
	195753
	376166
	795858
	275360
	262645
	844251
	341969
	237618
	926462
	733579
	17794
	687504
	441311
	561880
	767789
	342604
	232639
	163083
	191001
	553294
	328170
	564831
	57275
	451309
	207063
	416063
	736643
	688352
	144328
	321242
	875273
	287868
	116850
	809924
	218784
	208265
	732813
	698633
	957329
	447336
	448123
	286618
	346780
	905312
	541400
	167858
	646406
	767931
	933413
	438776
	605910
	871105
	957282
	734417
	833238
	365203
	612575
	835455
	379519
	9672
	669414
	554152
	788588
	597659
	227978
	229544
	675956
	335503
	984266
	440362
	625691
	483380
	504786
	478847
	823597
	201123
	270804
	719368
	381171
	337157
	117074
	262885
	747226
	848676
	960451
	141561
	952702
	647675
	390585
	927446
	689049
	930089
	777835
	804955
	381711
	464288
	42903
	38911
	487644
	890336
	128075
	298297
	219381
	812896
	511818
	480384
	778103
	358322
	816421
	520735
	964257
	910474
	672666
	171676
	726669
	939934
	526000
	885106
	809732
	197782
	995438
	745144
	163129
	57785
	729466
	861855
	189672
	459769
	442414
	759450
	224256
	732176
	960330
	70618
	860497
	553228
	657126
	283233
	871592
	447818
	619747
	376515
	507976
	511217
	245428
	930768
	896825
	500836
	744552
	698168
	117014
	43780
	199435
	681610
	278065
	470587
	412316
	484481
	592734
	704500
	765143
	66264
	289
	710836
	709208
	67214
	371114
	242422
	304480
	549920
	703244
	4804
	436445
	346380
	7467
	908857
	952592
	196279
	770086
	778621
	981104
	515506
	981051
	738633
	121144
	943491
	720022
	517739
	27095
	783769
	204090
	75284
	148388
	74262
	18269
	280798
	32044
	302063
	973465
	859736
	646828
	712124
	666571
	455510
	645915
	750000
	353397
	452020
	349224
	425943
	187600
	151074
	497097
	290912
	227364
	5522
	503725
	274656
	866470
	871653
	21783
	851846
	507557
	663320
	118929
	874293
	362701
	365462
	262398
	935617
	240150
	96151
	609625
	319310
	55861
	793970
	810863
	421928
	594657
	151492
	644028
	40259
	738214
	615777
	322480
	64593
	975674
	633348
	243255
	929825
	517627
	829669
	276208
	641909
	745271
	482228
	433853
	319283
	44013
	471409
	907130
	967185
	294321
	874868
	4146
	637364
	422620
	508772
	486878
	216479
	451056
	13221
	165175
	833609
	427423
	529375
	377789
	280553
	465116
	622247
	167036
	898206
	877901
	865813
	536607
	98112
	55386
	426045
	171371
	60361
	292498
	52658
	393469
	177313
	259884
	121832
	930804
	497221
	182024
	759817
	281991
	762614
	76013
	621334
	76121
	635403
	596307
	596824
	846213
	353977
	129417
	579094
	61930
	377123
	787344
	432554
	100203
	535446
	859761
	477235
	71639
	832994
	102265
	124922
	66080
	320166
	961690
	786223
	432485
	393504
	469361
	805080
	166255
	468828
	69256
	971139
	341428
	221205
	90487
	110659
	795662
	488609
	922099
	363007
	952666
	495653
	203091
	12560
	749771
	269626
	501669
	164702
	127578
	993127
	25180
	129867
	434138
	565917
	875734
	110979
	397849
	833152
	246474
	677365
	31311
	778022
	739517
	552135
	942583
	473866
	679060
	440242
	50844
	744144
	891678
	980862
	630172
	288256
	930805
	420460
	938210
	496965
	133476
	271792
	425698
	303304
	214811
	49369
	668396
	193126
	329348
	153289
	714663
	934054
	658208
	111064
	499960
	672398
	617228
	681018
	343821
	794658
	723555
	771027
	315328
	353601
	6853
	732797
	429886
	918409
	606127
	354598
	223116
	424270
	854348
	794301
	236913
	968808
	720378
	769775
	348261
	531118
	951394
	555115
	673120
	273684
	638860
	718912
	985732
	428332
	217214
	84689
	207941
	764410
	96869
	93818
	543617
	290713
	231699
	607720
	260080
	152241
	926116
	198794
	951344
	648711
	97946
	148490
	357362
	923793
	30695
	696156
	458853
	152377
	372468
	563689
	619153
	987730
	768615
	418753
	2459
	621263
	51388
	733264
	362129
	54636
	352215
	444019
	563223
	87305
	850873
	928816
	880181
	82158
	130700
	74099
	193592
	787713
	270111
	629083
	699234
	367418
	868112
	616569
	638087
	314918
	175082
	302027
	857762
	118731
	380000
	110287
	723837
	380573
	891449
	923080
	13781
	588667
	142070
	390901
	946730
	900678
	44802
	249059
	429093
	100487
	734113
	140555
	928956
	358838
	636571
	117281
	131585
	549974
	232469
	816310
	673736
	654676
	93872
	289435
	806333
	214706
	914323
	601834
	793009
	894470
	281577
	609706
	216316
	952791
	887119
	776854
	133870
	830998
	714875
	496712
	203511
	123101
	506350
	148950
	479513
	909660
	460631
	38768
	571156
	809023
	695030
	442179
	250506
	127887
	465786
	212015
	397953
	177790
	528124
	787092
	382127
	164872
	301125
	990942
	585003
	57380
	695200
	706648
	803585
	488668
	558648
	370844
	686248
	63053
	704605
	242580
	194881
	397662
	390868
	571719
	323198
	855529
	942441
	116731
	947100
	203470
	930282
	943174
	734738
	362863
	949615
	71894
	501921
	12289
	577318
	339839
	262781
	48021
	530246
	786688
	496111
	811717
	395030
	986829
	824551
	554210
	554721
	9003
	386798
	820101
	98830
	104808
	672289
	309991
	570666
	802534
	483297
	305412
	379523
	814137
	991149
	926188
	585129
	50962
	561277
	330705
	547948
	87697
	136074
	466654
	631238
	614275
	485036
	133186
	739484
	771865
	558424
	924887
	982631
	781797
	513687
	93909
	166724
	945215
	723157
	488572
	128934
	916434
	217016
	505148
	158569
	134445
	567313
	424041
	875563
	434671
	176799
	592462
	974065
	157078
	300615
	662704
	181143
	516860
	899375
	498501
	629222
	610467
	598947
	421478
	595808
	192325
	615229
	185561
	225119
	276636
	491497
	439240
	413686
	693807
	891384
	463946
	515579
	962468
	492341
	661340
	902824
	225805
	232385
	603144
	702680
	544811
	777268
	454211
	225862
	541307
	95642
	232866
	698395
	239989
	456597
	682088
	914706
	971477
	996931
	490967
	340639
	367288
	244794
	227891
	12521
	802815
	631817
	625290
	302002
	125918
	77655
	790286
	246277
	146312
	188795
	506457
	679453
	155004
	477844
	38965
	843176
	693144
	279916
	758640
	503297
	896121
	719565
	460168
	854209
	1449
	164698
	465351
	653655
	27917
	93142
	474490
	98140
	208671
	193080
	657261
	922769
	492345
	820299
	658988
	89185
	314061
	643221
	39113
	211391
	882046
	420926
	155636
	561692
	425829
	379915
	662723
	97551
	208405
	582083
	598147
	455074
	617479
	9402
	503133
	265985