100
	99775
	818573
	41389
	719938
	749128
	467177
	809845
	97697
	400145
	291669
	793299
	978082
	492669
	58022
	947534
	217247
	14406
	914634
	281438
	503107
	205370
	203172
	677489
	396868
	173591
	735701
	417029
	607179
	436123
	30979
	797905
	460909
	498074
	859129
	658869
	844166
	587228
	456711
	458071
	852945
	572990
	943067
	792312
	14894
	915740
	794084
	889160
	222002
	216341
	710893
	655832
	448578
	565406
	858796
	326753
	919712
	428078
	245574
	615930
	642481
	242457
	958601
	550834
	115475
	258428
	86582
	841182
	591813
	398547
	414446
	719081
	486605
	83758
	398888
	676201
	391908
	34105
	507206
	419193
	690544
	28241
	733574
	666287
	944709
	485397
	994551
	116061
	76133
	519636
	149586
	33563
	851599
	808576
	592474
	419560
	340998
	217421
	716164
	655363
	824594